Data: 2024-08-28 12:03:18.195397, Etiqueta: AP0067, SSID de Gerencia: Gerência0067-Acesso_restrito, Nome completo do AP: ap0067, IP: 172.24.108.67, MAC: 00:31:92:13:14:10 
Data: 2024-08-28 12:16:10.572453, Etiqueta: AP0067, SSID de Gerencia: Gerência0067-Acesso_restrito, Nome completo do AP: ap0067, IP: 172.24.108.67, MAC: 00:31:92:13:14:10 
